%YAML:1.0

#common parameters
#support: 1 imu 1 cam; 1 imu 2 cam: 2 cam; 
imu: 1  
num_of_cam: 2

imu_topic: "/t265/imu"
image0_topic: "/t265/fisheye1/image_raw"
image1_topic: "/t265/fisheye2/image_raw"
output_path: "/home/nuc/bagfiles/vins_fusion_output/"

cam0_calib: "fisheye1.yaml"
cam1_calib: "fisheye2.yaml"
image_width: 848
image_height: 800

fisheye: 1 # Set to one to apply fisheye mask onto input image

# Extrinsic parameter between IMU and Camera.
estimate_extrinsic: 0   # 0  Have an accurate extrinsic parameters. We will trust the following imu^R_cam, imu^T_cam, don't change it.
                        # 1  Have an initial guess about extrinsic parameters. We will optimize around your initial guess.

body_T_cam0: !!opencv-matrix  #cam0 coordinate under body coordinate
   rows: 4
   cols: 4
   dt: d
   data: [-0.9999733285874836, -0.0072777729318026525, 0.0006132983134531039, 0.005329463420610792,
          0.007273274219050283, -0.999948744066279, -0.007043345966600527, 0.021325720740878032,
          0.0006645267509004453, -0.007038697423802933, 0.9999750072590681, 0.0065488597492482925,
          0., 0., 0., 1.]

body_T_cam1: !!opencv-matrix
   rows: 4
   cols: 4
   dt: d
   data: [-0.9999815760377383, -0.006055663587040261, 0.0004201471192111137, -0.05909493755582884,
          0.006053864398475077, -0.9999730264560637, -0.004158976574328047, 0.02079236372174368,
          0.0004453211493548457, -0.004156356435813479, 0.9999912631569601, 0.005311475246891533,
          0., 0., 0., 1. ]

#Multiple thread support
multiple_thread: 1
use_gpu: 1
use_gpu_acc_flow: 1

#feature traker paprameters
max_cnt: 50            # max feature number in feature tracking
min_dist: 30            # min distance between two features 
freq: 10                # frequence (Hz) of publish tracking result. At least 10Hz for good estimation. If set 0, the frequence will be same as raw image 
F_threshold: 1.0        # ransac threshold (pixel)
show_track: 1           # publish tracking image as topic
flow_back: 1            # perform forward and backward optical flow to improve feature tracking accuracy

#optimization parameters
max_solver_time: 0.10  # max solver itration time (ms), to guarantee real time
max_num_iterations: 8   # max solver itrations, to guarantee real time
keyframe_parallax: 10.0 # keyframe selection threshold (pixel)

#imu parameters       The more accurate parameters you provide, the better performance
acc_n: 2.2158779458216770e-02          # accelerometer measurement noise standard deviation. #0.2   0.04
gyr_n: 2.3899416351958070e-03         # gyroscope measurement noise standard deviation.     #0.05  0.004
acc_w: 1.1831496073151614e-03         # accelerometer bias random work noise standard deviation.  #0.002
gyr_w: 2.9504074596673074e-05       # gyroscope bias random work noise standard deviation.     #4.0e-5
g_norm: 9.805         # gravity magnitude

#unsynchronization parameters
estimate_td: 0                      # online estimate time offset between camera and imu
td: 0.00                             # initial value of time offset. unit: s. readed image clock + td = real image clock (IMU clock)

#loop closure parameters
load_previous_pose_graph: 0        # load and reuse previous pose graph; load from 'pose_graph_save_path'
pose_graph_save_path: "/home/dji/output/pose_graph/" # save and load path
save_image: 0                   # save image in pose graph for visualization prupose; you can close this function by setting 0 